2 100 -5 5 1225
-1000.00 -1000.00 4007001.00
-1000.00 -942.80 3835000.60
-1000.00 -885.60 3663000.20
-1000.00 -828.40 3490999.80
-1000.00 -771.20 3318999.40
-1000.00 -714.00 3146999.00
-1000.00 -656.80 2974998.60
-1000.00 -599.60 2802998.20
-1000.00 -542.40 2630997.80
-1000.00 -485.20 2458997.40
-1000.00 -428.00 2286997.00
-1000.00 -370.80 2114996.60
-1000.00 -313.60 1942996.20
-1000.00 -256.40 1770995.80
-1000.00 -199.20 1598995.40
-1000.00 -142.00 1426995.00
-1000.00 -84.80 1254994.60
-1000.00 -27.60 1082994.20
-1000.00 29.60 910993.80
-1000.00 86.80 738993.40
-1000.00 144.00 566993.00
-1000.00 201.20 394992.60
-1000.00 258.40 222992.20
-1000.00 315.60 50991.80
-1000.00 372.80 -121008.60
-1000.00 430.00 -293009.00
-1000.00 487.20 -465009.40
-1000.00 544.40 -637009.80
-1000.00 601.60 -809010.20
-1000.00 658.80 -981010.60
-1000.00 716.00 -1153011.00
-1000.00 773.20 -1325011.40
-1000.00 830.40 -1497011.80
-1000.00 887.60 -1669012.20
-1000.00 944.80 -1841012.60
-942.80 -1000.00 3724272.84
-942.80 -942.80 3562087.96
-942.80 -885.60 3399903.08
-942.80 -828.40 3237718.20
-942.80 -771.20 3075533.32
-942.80 -714.00 2913348.44
-942.80 -656.80 2751163.56
-942.80 -599.60 2588978.68
-942.80 -542.40 2426793.80
-942.80 -485.20 2264608.92
-942.80 -428.00 2102424.04
-942.80 -370.80 1940239.16
-942.80 -313.60 1778054.28
-942.80 -256.40 1615869.40
-942.80 -199.20 1453684.52
-942.80 -142.00 1291499.64
-942.80 -84.80 1129314.76
-942.80 -27.60 967129.88
-942.80 29.60 804945.00
-942.80 86.80 642760.12
-942.80 144.00 480575.24
-942.80 201.20 318390.36
-942.80 258.40 156205.48
-942.80 315.60 -5979.40
-942.80 372.80 -168164.28
-942.80 430.00 -330349.16
-942.80 487.20 -492534.04
-942.80 544.40 -654718.92
-942.80 601.60 -816903.80
-942.80 658.80 -979088.68
-942.80 716.00 -1141273.56
-942.80 773.20 -1303458.44
-942.80 830.40 -1465643.32
-942.80 887.60 -1627828.20
-942.80 944.80 -1790013.08
-885.60 -1000.00 3448088.36
-885.60 -942.80 3295719.00
-885.60 -885.60 3143349.64
-885.60 -828.40 2990980.28
-885.60 -771.20 2838610.92
-885.60 -714.00 2686241.56
-885.60 -656.80 2533872.20
-885.60 -599.60 2381502.84
-885.60 -542.40 2229133.48
-885.60 -485.20 2076764.12
-885.60 -428.00 1924394.76
-885.60 -370.80 1772025.40
-885.60 -313.60 1619656.04
-885.60 -256.40 1467286.68
-885.60 -199.20 1314917.32
-885.60 -142.00 1162547.96
-885.60 -84.80 1010178.60
-885.60 -27.60 857809.24
-885.60 29.60 705439.88
-885.60 86.80 553070.52
-885.60 144.00 400701.16
-885.60 201.20 248331.80
-885.60 258.40 95962.44
-885.60 315.60 -56406.92
-885.60 372.80 -208776.28
-885.60 430.00 -361145.64
-885.60 487.20 -513515.00
-885.60 544.40 -665884.36
-885.60 601.60 -818253.72
-885.60 658.80 -970623.08
-885.60 716.00 -1122992.44
-885.60 773.20 -1275361.80
-885.60 830.40 -1427731.16
-885.60 887.60 -1580100.52
-885.60 944.80 -1732469.88
-828.40 -1000.00 3178447.56
-828.40 -942.80 3035893.72
-828.40 -885.60 2893339.88
-828.40 -828.40 2750786.04
-828.40 -771.20 2608232.20
-828.40 -714.00 2465678.36
-828.40 -656.80 2323124.52
-828.40 -599.60 2180570.68
-828.40 -542.40 2038016.84
-828.40 -485.20 1895463.00
-828.40 -428.00 1752909.16
-828.40 -370.80 1610355.32
-828.40 -313.60 1467801.48
-828.40 -256.40 1325247.64
-828.40 -199.20 1182693.80
-828.40 -142.00 1040139.96
-828.40 -84.80 897586.12
-828.40 -27.60 755032.28
-828.40 29.60 612478.44
-828.40 86.80 469924.60
-828.40 144.00 327370.76
-828.40 201.20 184816.92
-828.40 258.40 42263.08
-828.40 315.60 -100290.76
-828.40 372.80 -242844.60
-828.40 430.00 -385398.44
-828.40 487.20 -527952.28
-828.40 544.40 -670506.12
-828.40 601.60 -813059.96
-828.40 658.80 -955613.80
-828.40 716.00 -1098167.64
-828.40 773.20 -1240721.48
-828.40 830.40 -1383275.32
-828.40 887.60 -1525829.16
-828.40 944.80 -1668383.00
-771.20 -1000.00 2915350.44
-771.20 -942.80 2782612.12
-771.20 -885.60 2649873.80
-771.20 -828.40 2517135.48
-771.20 -771.20 2384397.16
-771.20 -714.00 2251658.84
-771.20 -656.80 2118920.52
-771.20 -599.60 1986182.20
-771.20 -542.40 1853443.88
-771.20 -485.20 1720705.56
-771.20 -428.00 1587967.24
-771.20 -370.80 1455228.92
-771.20 -313.60 1322490.60
-771.20 -256.40 1189752.28
-771.20 -199.20 1057013.96
-771.20 -142.00 924275.64
-771.20 -84.80 791537.32
-771.20 -27.60 658799.00
-771.20 29.60 526060.68
-771.20 86.80 393322.36
-771.20 144.00 260584.04
-771.20 201.20 127845.72
-771.20 258.40 -4892.60
-771.20 315.60 -137630.92
-771.20 372.80 -270369.24
-771.20 430.00 -403107.56
-771.20 487.20 -535845.88
-771.20 544.40 -668584.20
-771.20 601.60 -801322.52
-771.20 658.80 -934060.84
-771.20 716.00 -1066799.16
-771.20 773.20 -1199537.48
-771.20 830.40 -1332275.80
-771.20 887.60 -1465014.12
-771.20 944.80 -1597752.44
-714.00 -1000.00 2658797.00
-714.00 -942.80 2535874.20
-714.00 -885.60 2412951.40
-714.00 -828.40 2290028.60
-714.00 -771.20 2167105.80
-714.00 -714.00 2044183.00
-714.00 -656.80 1921260.20
-714.00 -599.60 1798337.40
-714.00 -542.40 1675414.60
-714.00 -485.20 1552491.80
-714.00 -428.00 1429569.00
-714.00 -370.80 1306646.20
-714.00 -313.60 1183723.40
-714.00 -256.40 1060800.60
-714.00 -199.20 937877.80
-714.00 -142.00 814955.00
-714.00 -84.80 692032.20
-714.00 -27.60 569109.40
-714.00 29.60 446186.60
-714.00 86.80 323263.80
-714.00 144.00 200341.00
-714.00 201.20 77418.20
-714.00 258.40 -45504.60
-714.00 315.60 -168427.40
-714.00 372.80 -291350.20
-714.00 430.00 -414273.00
-714.00 487.20 -537195.80
-714.00 544.40 -660118.60
-714.00 601.60 -783041.40
-714.00 658.80 -905964.20
-714.00 716.00 -1028887.00
-714.00 773.20 -1151809.80
-714.00 830.40 -1274732.60
-714.00 887.60 -1397655.40
-714.00 944.80 -1520578.20
-656.80 -1000.00 2408787.24
-656.80 -942.80 2295679.96
-656.80 -885.60 2182572.68
-656.80 -828.40 2069465.40
-656.80 -771.20 1956358.12
-656.80 -714.00 1843250.84
-656.80 -656.80 1730143.56
-656.80 -599.60 1617036.28
-656.80 -542.40 1503929.00
-656.80 -485.20 1390821.72
-656.80 -428.00 1277714.44
-656.80 -370.80 1164607.16
-656.80 -313.60 1051499.88
-656.80 -256.40 938392.60
-656.80 -199.20 825285.32
-656.80 -142.00 712178.04
-656.80 -84.80 599070.76
-656.80 -27.60 485963.48
-656.80 29.60 372856.20
-656.80 86.80 259748.92
-656.80 144.00 146641.64
-656.80 201.20 33534.36
-656.80 258.40 -79572.92
-656.80 315.60 -192680.20
-656.80 372.80 -305787.48
-656.80 430.00 -418894.76
-656.80 487.20 -532002.04
-656.80 544.40 -645109.32
-656.80 601.60 -758216.60
-656.80 658.80 -871323.88
-656.80 716.00 -984431.16
-656.80 773.20 -1097538.44
-656.80 830.40 -1210645.72
-656.80 887.60 -1323753.00
-656.80 944.80 -1436860.28
-599.60 -1000.00 2165321.16
-599.60 -942.80 2062029.40
-599.60 -885.60 1958737.64
-599.60 -828.40 1855445.88
-599.60 -771.20 1752154.12
-599.60 -714.00 1648862.36
-599.60 -656.80 1545570.60
-599.60 -599.60 1442278.84
-599.60 -542.40 1338987.08
-599.60 -485.20 1235695.32
-599.60 -428.00 1132403.56
-599.60 -370.80 1029111.80
-599.60 -313.60 925820.04
-599.60 -256.40 822528.28
-599.60 -199.20 719236.52
-599.60 -142.00 615944.76
-599.60 -84.80 512653.00
-599.60 -27.60 409361.24
-599.60 29.60 306069.48
-599.60 86.80 202777.72
-599.60 144.00 99485.96
-599.60 201.20 -3805.80
-599.60 258.40 -107097.56
-599.60 315.60 -210389.32
-599.60 372.80 -313681.08
-599.60 430.00 -416972.84
-599.60 487.20 -520264.60
-599.60 544.40 -623556.36
-599.60 601.60 -726848.12
-599.60 658.80 -830139.88
-599.60 716.00 -933431.64
-599.60 773.20 -1036723.40
-599.60 830.40 -1140015.16
-599.60 887.60 -1243306.92
-599.60 944.80 -1346598.68
-542.40 -1000.00 1928398.76
-542.40 -942.80 1834922.52
-542.40 -885.60 1741446.28
-542.40 -828.40 1647970.04
-542.40 -771.20 1554493.80
-542.40 -714.00 1461017.56
-542.40 -656.80 1367541.32
-542.40 -599.60 1274065.08
-542.40 -542.40 1180588.84
-542.40 -485.20 1087112.60
-542.40 -428.00 993636.36
-542.40 -370.80 900160.12
-542.40 -313.60 806683.88
-542.40 -256.40 713207.64
-542.40 -199.20 619731.40
-542.40 -142.00 526255.16
-542.40 -84.80 432778.92
-542.40 -27.60 339302.68
-542.40 29.60 245826.44
-542.40 86.80 152350.20
-542.40 144.00 58873.96
-542.40 201.20 -34602.28
-542.40 258.40 -128078.52
-542.40 315.60 -221554.76
-542.40 372.80 -315031.00
-542.40 430.00 -408507.24
-542.40 487.20 -501983.48
-542.40 544.40 -595459.72
-542.40 601.60 -688935.96
-542.40 658.80 -782412.20
-542.40 716.00 -875888.44
-542.40 773.20 -969364.68
-542.40 830.40 -1062840.92
-542.40 887.60 -1156317.16
-542.40 944.80 -1249793.40
-485.20 -1000.00 1698020.04
-485.20 -942.80 1614359.32
-485.20 -885.60 1530698.60
-485.20 -828.40 1447037.88
-485.20 -771.20 1363377.16
-485.20 -714.00 1279716.44
-485.20 -656.80 1196055.72
-485.20 -599.60 1112395.00
-485.20 -542.40 1028734.28
-485.20 -485.20 945073.56
-485.20 -428.00 861412.84
-485.20 -370.80 777752.12
-485.20 -313.60 694091.40
-485.20 -256.40 610430.68
-485.20 -199.20 526769.96
-485.20 -142.00 443109.24
-485.20 -84.80 359448.52
-485.20 -27.60 275787.80
-485.20 29.60 192127.08
-485.20 86.80 108466.36
-485.20 144.00 24805.64
-485.20 201.20 -58855.08
-485.20 258.40 -142515.80
-485.20 315.60 -226176.52
-485.20 372.80 -309837.24
-485.20 430.00 -393497.96
-485.20 487.20 -477158.68
-485.20 544.40 -560819.40
-485.20 601.60 -644480.12
-485.20 658.80 -728140.84
-485.20 716.00 -811801.56
-485.20 773.20 -895462.28
-485.20 830.40 -979123.00
-485.20 887.60 -1062783.72
-485.20 944.80 -1146444.44
-428.00 -1000.00 1474185.00
-428.00 -942.80 1400339.80
-428.00 -885.60 1326494.60
-428.00 -828.40 1252649.40
-428.00 -771.20 1178804.20
-428.00 -714.00 1104959.00
-428.00 -656.80 1031113.80
-428.00 -599.60 957268.60
-428.00 -542.40 883423.40
-428.00 -485.20 809578.20
-428.00 -428.00 735733.00
-428.00 -370.80 661887.80
-428.00 -313.60 588042.60
-428.00 -256.40 514197.40
-428.00 -199.20 440352.20
-428.00 -142.00 366507.00
-428.00 -84.80 292661.80
-428.00 -27.60 218816.60
-428.00 29.60 144971.40
-428.00 86.80 71126.20
-428.00 144.00 -2719.00
-428.00 201.20 -76564.20
-428.00 258.40 -150409.40
-428.00 315.60 -224254.60
-428.00 372.80 -298099.80
-428.00 430.00 -371945.00
-428.00 487.20 -445790.20
-428.00 544.40 -519635.40
-428.00 601.60 -593480.60
-428.00 658.80 -667325.80
-428.00 716.00 -741171.00
-428.00 773.20 -815016.20
-428.00 830.40 -888861.40
-428.00 887.60 -962706.60
-428.00 944.80 -1036551.80
-370.80 -1000.00 1256893.64
-370.80 -942.80 1192863.96
-370.80 -885.60 1128834.28
-370.80 -828.40 1064804.60
-370.80 -771.20 1000774.92
-370.80 -714.00 936745.24
-370.80 -656.80 872715.56
-370.80 -599.60 808685.88
-370.80 -542.40 744656.20
-370.80 -485.20 680626.52
-370.80 -428.00 616596.84
-370.80 -370.80 552567.16
-370.80 -313.60 488537.48
-370.80 -256.40 424507.80
-370.80 -199.20 360478.12
-370.80 -142.00 296448.44
-370.80 -84.80 232418.76
-370.80 -27.60 168389.08
-370.80 29.60 104359.40
-370.80 86.80 40329.72
-370.80 144.00 -23699.96
-370.80 201.20 -87729.64
-370.80 258.40 -151759.32
-370.80 315.60 -215789.00
-370.80 372.80 -279818.68
-370.80 430.00 -343848.36
-370.80 487.20 -407878.04
-370.80 544.40 -471907.72
-370.80 601.60 -535937.40
-370.80 658.80 -599967.08
-370.80 716.00 -663996.76
-370.80 773.20 -728026.44
-370.80 830.40 -792056.12
-370.80 887.60 -856085.80
-370.80 944.80 -920115.48
-313.60 -1000.00 1046145.96
-313.60 -942.80 991931.80
-313.60 -885.60 937717.64
-313.60 -828.40 883503.48
-313.60 -771.20 829289.32
-313.60 -714.00 775075.16
-313.60 -656.80 720861.00
-313.60 -599.60 666646.84
-313.60 -542.40 612432.68
-313.60 -485.20 558218.52
-313.60 -428.00 504004.36
-313.60 -370.80 449790.20
-313.60 -313.60 395576.04
-313.60 -256.40 341361.88
-313.60 -199.20 287147.72
-313.60 -142.00 232933.56
-313.60 -84.80 178719.40
-313.60 -27.60 124505.24
-313.60 29.60 70291.08
-313.60 86.80 16076.92
-313.60 144.00 -38137.24
-313.60 201.20 -92351.40
-313.60 258.40 -146565.56
-313.60 315.60 -200779.72
-313.60 372.80 -254993.88
-313.60 430.00 -309208.04
-313.60 487.20 -363422.20
-313.60 544.40 -417636.36
-313.60 601.60 -471850.52
-313.60 658.80 -526064.68
-313.60 716.00 -580278.84
-313.60 773.20 -634493.00
-313.60 830.40 -688707.16
-313.60 887.60 -742921.32
-313.60 944.80 -797135.48
-256.40 -1000.00 841941.96
-256.40 -942.80 797543.32
-256.40 -885.60 753144.68
-256.40 -828.40 708746.04
-256.40 -771.20 664347.40
-256.40 -714.00 619948.76
-256.40 -656.80 575550.12
-256.40 -599.60 531151.48
-256.40 -542.40 486752.84
-256.40 -485.20 442354.20
-256.40 -428.00 397955.56
-256.40 -370.80 353556.92
-256.40 -313.60 309158.28
-256.40 -256.40 264759.64
-256.40 -199.20 220361.00
-256.40 -142.00 175962.36
-256.40 -84.80 131563.72
-256.40 -27.60 87165.08
-256.40 29.60 42766.44
-256.40 86.80 -1632.20
-256.40 144.00 -46030.84
-256.40 201.20 -90429.48
-256.40 258.40 -134828.12
-256.40 315.60 -179226.76
-256.40 372.80 -223625.40
-256.40 430.00 -268024.04
-256.40 487.20 -312422.68
-256.40 544.40 -356821.32
-256.40 601.60 -401219.96
-256.40 658.80 -445618.60
-256.40 716.00 -490017.24
-256.40 773.20 -534415.88
-256.40 830.40 -578814.52
-256.40 887.60 -623213.16
-256.40 944.80 -667611.80
-199.20 -1000.00 644281.64
-199.20 -942.80 609698.52
-199.20 -885.60 575115.40
-199.20 -828.40 540532.28
-199.20 -771.20 505949.16
-199.20 -714.00 471366.04
-199.20 -656.80 436782.92
-199.20 -599.60 402199.80
-199.20 -542.40 367616.68
-199.20 -485.20 333033.56
-199.20 -428.00 298450.44
-199.20 -370.80 263867.32
-199.20 -313.60 229284.20
-199.20 -256.40 194701.08
-199.20 -199.20 160117.96
-199.20 -142.00 125534.84
-199.20 -84.80 90951.72
-199.20 -27.60 56368.60
-199.20 29.60 21785.48
-199.20 86.80 -12797.64
-199.20 144.00 -47380.76
-199.20 201.20 -81963.88
-199.20 258.40 -116547.00
-199.20 315.60 -151130.12
-199.20 372.80 -185713.24
-199.20 430.00 -220296.36
-199.20 487.20 -254879.48
-199.20 544.40 -289462.60
-199.20 601.60 -324045.72
-199.20 658.80 -358628.84
-199.20 716.00 -393211.96
-199.20 773.20 -427795.08
-199.20 830.40 -462378.20
-199.20 887.60 -496961.32
-199.20 944.80 -531544.44
-142.00 -1000.00 453165.00
-142.00 -942.80 428397.40
-142.00 -885.60 403629.80
-142.00 -828.40 378862.20
-142.00 -771.20 354094.60
-142.00 -714.00 329327.00
-142.00 -656.80 304559.40
-142.00 -599.60 279791.80
-142.00 -542.40 255024.20
-142.00 -485.20 230256.60
-142.00 -428.00 205489.00
-142.00 -370.80 180721.40
-142.00 -313.60 155953.80
-142.00 -256.40 131186.20
-142.00 -199.20 106418.60
-142.00 -142.00 81651.00
-142.00 -84.80 56883.40
-142.00 -27.60 32115.80
-142.00 29.60 7348.20
-142.00 86.80 -17419.40
-142.00 144.00 -42187.00
-142.00 201.20 -66954.60
-142.00 258.40 -91722.20
-142.00 315.60 -116489.80
-142.00 372.80 -141257.40
-142.00 430.00 -166025.00
-142.00 487.20 -190792.60
-142.00 544.40 -215560.20
-142.00 601.60 -240327.80
-142.00 658.80 -265095.40
-142.00 716.00 -289863.00
-142.00 773.20 -314630.60
-142.00 830.40 -339398.20
-142.00 887.60 -364165.80
-142.00 944.80 -388933.40
-84.80 -1000.00 268592.04
-84.80 -942.80 253639.96
-84.80 -885.60 238687.88
-84.80 -828.40 223735.80
-84.80 -771.20 208783.72
-84.80 -714.00 193831.64
-84.80 -656.80 178879.56
-84.80 -599.60 163927.48
-84.80 -542.40 148975.40
-84.80 -485.20 134023.32
-84.80 -428.00 119071.24
-84.80 -370.80 104119.16
-84.80 -313.60 89167.08
-84.80 -256.40 74215.00
-84.80 -199.20 59262.92
-84.80 -142.00 44310.84
-84.80 -84.80 29358.76
-84.80 -27.60 14406.68
-84.80 29.60 -545.40
-84.80 86.80 -15497.48
-84.80 144.00 -30449.56
-84.80 201.20 -45401.64
-84.80 258.40 -60353.72
-84.80 315.60 -75305.80
-84.80 372.80 -90257.88
-84.80 430.00 -105209.96
-84.80 487.20 -120162.04
-84.80 544.40 -135114.12
-84.80 601.60 -150066.20
-84.80 658.80 -165018.28
-84.80 716.00 -179970.36
-84.80 773.20 -194922.44
-84.80 830.40 -209874.52
-84.80 887.60 -224826.60
-84.80 944.80 -239778.68
-27.60 -1000.00 90562.76
-27.60 -942.80 85426.20
-27.60 -885.60 80289.64
-27.60 -828.40 75153.08
-27.60 -771.20 70016.52
-27.60 -714.00 64879.96
-27.60 -656.80 59743.40
-27.60 -599.60 54606.84
-27.60 -542.40 49470.28
-27.60 -485.20 44333.72
-27.60 -428.00 39197.16
-27.60 -370.80 34060.60
-27.60 -313.60 28924.04
-27.60 -256.40 23787.48
-27.60 -199.20 18650.92
-27.60 -142.00 13514.36
-27.60 -84.80 8377.80
-27.60 -27.60 3241.24
-27.60 29.60 -1895.32
-27.60 86.80 -7031.88
-27.60 144.00 -12168.44
-27.60 201.20 -17305.00
-27.60 258.40 -22441.56
-27.60 315.60 -27578.12
-27.60 372.80 -32714.68
-27.60 430.00 -37851.24
-27.60 487.20 -42987.80
-27.60 544.40 -48124.36
-27.60 601.60 -53260.92
-27.60 658.80 -58397.48
-27.60 716.00 -63534.04
-27.60 773.20 -68670.60
-27.60 830.40 -73807.16
-27.60 887.60 -78943.72
-27.60 944.80 -84080.28
29.60 -1000.00 -80922.84
29.60 -942.80 -76243.88
29.60 -885.60 -71564.92
29.60 -828.40 -66885.96
29.60 -771.20 -62207.00
29.60 -714.00 -57528.04
29.60 -656.80 -52849.08
29.60 -599.60 -48170.12
29.60 -542.40 -43491.16
29.60 -485.20 -38812.20
29.60 -428.00 -34133.24
29.60 -370.80 -29454.28
29.60 -313.60 -24775.32
29.60 -256.40 -20096.36
29.60 -199.20 -15417.40
29.60 -142.00 -10738.44
29.60 -84.80 -6059.48
29.60 -27.60 -1380.52
29.60 29.60 3298.44
29.60 86.80 7977.40
29.60 144.00 12656.36
29.60 201.20 17335.32
29.60 258.40 22014.28
29.60 315.60 26693.24
29.60 372.80 31372.20
29.60 430.00 36051.16
29.60 487.20 40730.12
29.60 544.40 45409.08
29.60 601.60 50088.04
29.60 658.80 54767.00
29.60 716.00 59445.96
29.60 773.20 64124.92
29.60 830.40 68803.88
29.60 887.60 73482.84
29.60 944.80 78161.80
86.80 -1000.00 -245864.76
86.80 -942.80 -231370.28
86.80 -885.60 -216875.80
86.80 -828.40 -202381.32
86.80 -771.20 -187886.84
86.80 -714.00 -173392.36
86.80 -656.80 -158897.88
86.80 -599.60 -144403.40
86.80 -542.40 -129908.92
86.80 -485.20 -115414.44
86.80 -428.00 -100919.96
86.80 -370.80 -86425.48
86.80 -313.60 -71931.00
86.80 -256.40 -57436.52
86.80 -199.20 -42942.04
86.80 -142.00 -28447.56
86.80 -84.80 -13953.08
86.80 -27.60 541.40
86.80 29.60 15035.88
86.80 86.80 29530.36
86.80 144.00 44024.84
86.80 201.20 58519.32
86.80 258.40 73013.80
86.80 315.60 87508.28
86.80 372.80 102002.76
86.80 430.00 116497.24
86.80 487.20 130991.72
86.80 544.40 145486.20
86.80 601.60 159980.68
86.80 658.80 174475.16
86.80 716.00 188969.64
86.80 773.20 203464.12
86.80 830.40 217958.60
86.80 887.60 232453.08
86.80 944.80 246947.56
144.00 -1000.00 -404263.00
144.00 -942.80 -379953.00
144.00 -885.60 -355643.00
144.00 -828.40 -331333.00
144.00 -771.20 -307023.00
144.00 -714.00 -282713.00
144.00 -656.80 -258403.00
144.00 -599.60 -234093.00
144.00 -542.40 -209783.00
144.00 -485.20 -185473.00
144.00 -428.00 -161163.00
144.00 -370.80 -136853.00
144.00 -313.60 -112543.00
144.00 -256.40 -88233.00
144.00 -199.20 -63923.00
144.00 -142.00 -39613.00
144.00 -84.80 -15303.00
144.00 -27.60 9007.00
144.00 29.60 33317.00
144.00 86.80 57627.00
144.00 144.00 81937.00
144.00 201.20 106247.00
144.00 258.40 130557.00
144.00 315.60 154867.00
144.00 372.80 179177.00
144.00 430.00 203487.00
144.00 487.20 227797.00
144.00 544.40 252107.00
144.00 601.60 276417.00
144.00 658.80 300727.00
144.00 716.00 325037.00
144.00 773.20 349347.00
144.00 830.40 373657.00
144.00 887.60 397967.00
144.00 944.80 422277.00
201.20 -1000.00 -556117.56
201.20 -942.80 -521992.04
201.20 -885.60 -487866.52
201.20 -828.40 -453741.00
201.20 -771.20 -419615.48
201.20 -714.00 -385489.96
201.20 -656.80 -351364.44
201.20 -599.60 -317238.92
201.20 -542.40 -283113.40
201.20 -485.20 -248987.88
201.20 -428.00 -214862.36
201.20 -370.80 -180736.84
201.20 -313.60 -146611.32
201.20 -256.40 -112485.80
201.20 -199.20 -78360.28
201.20 -142.00 -44234.76
201.20 -84.80 -10109.24
201.20 -27.60 24016.28
201.20 29.60 58141.80
201.20 86.80 92267.32
201.20 144.00 126392.84
201.20 201.20 160518.36
201.20 258.40 194643.88
201.20 315.60 228769.40
201.20 372.80 262894.92
201.20 430.00 297020.44
201.20 487.20 331145.96
201.20 544.40 365271.48
201.20 601.60 399397.00
201.20 658.80 433522.52
201.20 716.00 467648.04
201.20 773.20 501773.56
201.20 830.40 535899.08
201.20 887.60 570024.60
201.20 944.80 604150.12
258.40 -1000.00 -701428.44
258.40 -942.80 -657487.40
258.40 -885.60 -613546.36
258.40 -828.40 -569605.32
258.40 -771.20 -525664.28
258.40 -714.00 -481723.24
258.40 -656.80 -437782.20
258.40 -599.60 -393841.16
258.40 -542.40 -349900.12
258.40 -485.20 -305959.08
258.40 -428.00 -262018.04
258.40 -370.80 -218077.00
258.40 -313.60 -174135.96
258.40 -256.40 -130194.92
258.40 -199.20 -86253.88
258.40 -142.00 -42312.84
258.40 -84.80 1628.20
258.40 -27.60 45569.24
258.40 29.60 89510.28
258.40 86.80 133451.32
258.40 144.00 177392.36
258.40 201.20 221333.40
258.40 258.40 265274.44
258.40 315.60 309215.48
258.40 372.80 353156.52
258.40 430.00 397097.56
258.40 487.20 441038.60
258.40 544.40 484979.64
258.40 601.60 528920.68
258.40 658.80 572861.72
258.40 716.00 616802.76
258.40 773.20 660743.80
258.40 830.40 704684.84
258.40 887.60 748625.88
258.40 944.80 792566.92
315.60 -1000.00 -840195.64
315.60 -942.80 -786439.08
315.60 -885.60 -732682.52
315.60 -828.40 -678925.96
315.60 -771.20 -625169.40
315.60 -714.00 -571412.84
315.60 -656.80 -517656.28
315.60 -599.60 -463899.72
315.60 -542.40 -410143.16
315.60 -485.20 -356386.60
315.60 -428.00 -302630.04
315.60 -370.80 -248873.48
315.60 -313.60 -195116.92
315.60 -256.40 -141360.36
315.60 -199.20 -87603.80
315.60 -142.00 -33847.24
315.60 -84.80 19909.32
315.60 -27.60 73665.88
315.60 29.60 127422.44
315.60 86.80 181179.00
315.60 144.00 234935.56
315.60 201.20 288692.12
315.60 258.40 342448.68
315.60 315.60 396205.24
315.60 372.80 449961.80
315.60 430.00 503718.36
315.60 487.20 557474.92
315.60 544.40 611231.48
315.60 601.60 664988.04
315.60 658.80 718744.60
315.60 716.00 772501.16
315.60 773.20 826257.72
315.60 830.40 880014.28
315.60 887.60 933770.84
315.60 944.80 987527.40
372.80 -1000.00 -972419.16
372.80 -942.80 -908847.08
372.80 -885.60 -845275.00
372.80 -828.40 -781702.92
372.80 -771.20 -718130.84
372.80 -714.00 -654558.76
372.80 -656.80 -590986.68
372.80 -599.60 -527414.60
372.80 -542.40 -463842.52
372.80 -485.20 -400270.44
372.80 -428.00 -336698.36
372.80 -370.80 -273126.28
372.80 -313.60 -209554.20
372.80 -256.40 -145982.12
372.80 -199.20 -82410.04
372.80 -142.00 -18837.96
372.80 -84.80 44734.12
372.80 -27.60 108306.20
372.80 29.60 171878.28
372.80 86.80 235450.36
372.80 144.00 299022.44
372.80 201.20 362594.52
372.80 258.40 426166.60
372.80 315.60 489738.68
372.80 372.80 553310.76
372.80 430.00 616882.84
372.80 487.20 680454.92
372.80 544.40 744027.00
372.80 601.60 807599.08
372.80 658.80 871171.16
372.80 716.00 934743.24
372.80 773.20 998315.32
372.80 830.40 1061887.40
372.80 887.60 1125459.48
372.80 944.80 1189031.56
430.00 -1000.00 -1098099.00
430.00 -942.80 -1024711.40
430.00 -885.60 -951323.80
430.00 -828.40 -877936.20
430.00 -771.20 -804548.60
430.00 -714.00 -731161.00
430.00 -656.80 -657773.40
430.00 -599.60 -584385.80
430.00 -542.40 -510998.20
430.00 -485.20 -437610.60
430.00 -428.00 -364223.00
430.00 -370.80 -290835.40
430.00 -313.60 -217447.80
430.00 -256.40 -144060.20
430.00 -199.20 -70672.60
430.00 -142.00 2715.00
430.00 -84.80 76102.60
430.00 -27.60 149490.20
430.00 29.60 222877.80
430.00 86.80 296265.40
430.00 144.00 369653.00
430.00 201.20 443040.60
430.00 258.40 516428.20
430.00 315.60 589815.80
430.00 372.80 663203.40
430.00 430.00 736591.00
430.00 487.20 809978.60
430.00 544.40 883366.20
430.00 601.60 956753.80
430.00 658.80 1030141.40
430.00 716.00 1103529.00
430.00 773.20 1176916.60
430.00 830.40 1250304.20
430.00 887.60 1323691.80
430.00 944.80 1397079.40
487.20 -1000.00 -1217235.16
487.20 -942.80 -1134032.04
487.20 -885.60 -1050828.92
487.20 -828.40 -967625.80
487.20 -771.20 -884422.68
487.20 -714.00 -801219.56
487.20 -656.80 -718016.44
487.20 -599.60 -634813.32
487.20 -542.40 -551610.20
487.20 -485.20 -468407.08
487.20 -428.00 -385203.96
487.20 -370.80 -302000.84
487.20 -313.60 -218797.72
487.20 -256.40 -135594.60
487.20 -199.20 -52391.48
487.20 -142.00 30811.64
487.20 -84.80 114014.76
487.20 -27.60 197217.88
487.20 29.60 280421.00
487.20 86.80 363624.12
487.20 144.00 446827.24
487.20 201.20 530030.36
487.20 258.40 613233.48
487.20 315.60 696436.60
487.20 372.80 779639.72
487.20 430.00 862842.84
487.20 487.20 946045.96
487.20 544.40 1029249.08
487.20 601.60 1112452.20
487.20 658.80 1195655.32
487.20 716.00 1278858.44
487.20 773.20 1362061.56
487.20 830.40 1445264.68
487.20 887.60 1528467.80
487.20 944.80 1611670.92
544.40 -1000.00 -1329827.64
544.40 -942.80 -1236809.00
544.40 -885.60 -1143790.36
544.40 -828.40 -1050771.72
544.40 -771.20 -957753.08
544.40 -714.00 -864734.44
544.40 -656.80 -771715.80
544.40 -599.60 -678697.16
544.40 -542.40 -585678.52
544.40 -485.20 -492659.88
544.40 -428.00 -399641.24
544.40 -370.80 -306622.60
544.40 -313.60 -213603.96
544.40 -256.40 -120585.32
544.40 -199.20 -27566.68
544.40 -142.00 65451.96
544.40 -84.80 158470.60
544.40 -27.60 251489.24
544.40 29.60 344507.88
544.40 86.80 437526.52
544.40 144.00 530545.16
544.40 201.20 623563.80
544.40 258.40 716582.44
544.40 315.60 809601.08
544.40 372.80 902619.72
544.40 430.00 995638.36
544.40 487.20 1088657.00
544.40 544.40 1181675.64
544.40 601.60 1274694.28
544.40 658.80 1367712.92
544.40 716.00 1460731.56
544.40 773.20 1553750.20
544.40 830.40 1646768.84
544.40 887.60 1739787.48
544.40 944.80 1832806.12
601.60 -1000.00 -1435876.44
601.60 -942.80 -1333042.28
601.60 -885.60 -1230208.12
601.60 -828.40 -1127373.96
601.60 -771.20 -1024539.80
601.60 -714.00 -921705.64
601.60 -656.80 -818871.48
601.60 -599.60 -716037.32
601.60 -542.40 -613203.16
601.60 -485.20 -510369.00
601.60 -428.00 -407534.84
601.60 -370.80 -304700.68
601.60 -313.60 -201866.52
601.60 -256.40 -99032.36
601.60 -199.20 3801.80
601.60 -142.00 106635.96
601.60 -84.80 209470.12
601.60 -27.60 312304.28
601.60 29.60 415138.44
601.60 86.80 517972.60
601.60 144.00 620806.76
601.60 201.20 723640.92
601.60 258.40 826475.08
601.60 315.60 929309.24
601.60 372.80 1032143.40
601.60 430.00 1134977.56
601.60 487.20 1237811.72
601.60 544.40 1340645.88
601.60 601.60 1443480.04
601.60 658.80 1546314.20
601.60 716.00 1649148.36
601.60 773.20 1751982.52
601.60 830.40 1854816.68
601.60 887.60 1957650.84
601.60 944.80 2060485.00
658.80 -1000.00 -1535381.56
658.80 -942.80 -1422731.88
658.80 -885.60 -1310082.20
658.80 -828.40 -1197432.52
658.80 -771.20 -1084782.84
658.80 -714.00 -972133.16
658.80 -656.80 -859483.48
658.80 -599.60 -746833.80
658.80 -542.40 -634184.12
658.80 -485.20 -521534.44
658.80 -428.00 -408884.76
658.80 -370.80 -296235.08
658.80 -313.60 -183585.40
658.80 -256.40 -70935.72
658.80 -199.20 41713.96
658.80 -142.00 154363.64
658.80 -84.80 267013.32
658.80 -27.60 379663.00
658.80 29.60 492312.68
658.80 86.80 604962.36
658.80 144.00 717612.04
658.80 201.20 830261.72
658.80 258.40 942911.40
658.80 315.60 1055561.08
658.80 372.80 1168210.76
658.80 430.00 1280860.44
658.80 487.20 1393510.12
658.80 544.40 1506159.80
658.80 601.60 1618809.48
658.80 658.80 1731459.16
658.80 716.00 1844108.84
658.80 773.20 1956758.52
658.80 830.40 2069408.20
658.80 887.60 2182057.88
658.80 944.80 2294707.56
716.00 -1000.00 -1628343.00
716.00 -942.80 -1505877.80
716.00 -885.60 -1383412.60
716.00 -828.40 -1260947.40
716.00 -771.20 -1138482.20
716.00 -714.00 -1016017.00
716.00 -656.80 -893551.80
716.00 -599.60 -771086.60
716.00 -542.40 -648621.40
716.00 -485.20 -526156.20
716.00 -428.00 -403691.00
716.00 -370.80 -281225.80
716.00 -313.60 -158760.60
716.00 -256.40 -36295.40
716.00 -199.20 86169.80
716.00 -142.00 208635.00
716.00 -84.80 331100.20
716.00 -27.60 453565.40
716.00 29.60 576030.60
716.00 86.80 698495.80
716.00 144.00 820961.00
716.00 201.20 943426.20
716.00 258.40 1065891.40
716.00 315.60 1188356.60
716.00 372.80 1310821.80
716.00 430.00 1433287.00
716.00 487.20 1555752.20
716.00 544.40 1678217.40
716.00 601.60 1800682.60
716.00 658.80 1923147.80
716.00 716.00 2045613.00
716.00 773.20 2168078.20
716.00 830.40 2290543.40
716.00 887.60 2413008.60
716.00 944.80 2535473.80
773.20 -1000.00 -1714760.76
773.20 -942.80 -1582480.04
773.20 -885.60 -1450199.32
773.20 -828.40 -1317918.60
773.20 -771.20 -1185637.88
773.20 -714.00 -1053357.16
773.20 -656.80 -921076.44
773.20 -599.60 -788795.72
773.20 -542.40 -656515.00
773.20 -485.20 -524234.28
773.20 -428.00 -391953.56
773.20 -370.80 -259672.84
773.20 -313.60 -127392.12
773.20 -256.40 4888.60
773.20 -199.20 137169.32
773.20 -142.00 269450.04
773.20 -84.80 401730.76
773.20 -27.60 534011.48
773.20 29.60 666292.20
773.20 86.80 798572.92
773.20 144.00 930853.64
773.20 201.20 1063134.36
773.20 258.40 1195415.08
773.20 315.60 1327695.80
773.20 372.80 1459976.52
773.20 430.00 1592257.24
773.20 487.20 1724537.96
773.20 544.40 1856818.68
773.20 601.60 1989099.40
773.20 658.80 2121380.12
773.20 716.00 2253660.84
773.20 773.20 2385941.56
773.20 830.40 2518222.28
773.20 887.60 2650503.00
773.20 944.80 2782783.72
830.40 -1000.00 -1794634.84
830.40 -942.80 -1652538.60
830.40 -885.60 -1510442.36
830.40 -828.40 -1368346.12
830.40 -771.20 -1226249.88
830.40 -714.00 -1084153.64
830.40 -656.80 -942057.40
830.40 -599.60 -799961.16
830.40 -542.40 -657864.92
830.40 -485.20 -515768.68
830.40 -428.00 -373672.44
830.40 -370.80 -231576.20
830.40 -313.60 -89479.96
830.40 -256.40 52616.28
830.40 -199.20 194712.52
830.40 -142.00 336808.76
830.40 -84.80 478905.00
830.40 -27.60 621001.24
830.40 29.60 763097.48
830.40 86.80 905193.72
830.40 144.00 1047289.96
830.40 201.20 1189386.20
830.40 258.40 1331482.44
830.40 315.60 1473578.68
830.40 372.80 1615674.92
830.40 430.00 1757771.16
830.40 487.20 1899867.40
830.40 544.40 2041963.64
830.40 601.60 2184059.88
830.40 658.80 2326156.12
830.40 716.00 2468252.36
830.40 773.20 2610348.60
830.40 830.40 2752444.84
830.40 887.60 2894541.08
830.40 944.80 3036637.32
887.60 -1000.00 -1867965.24
887.60 -942.80 -1716053.48
887.60 -885.60 -1564141.72
887.60 -828.40 -1412229.96
887.60 -771.20 -1260318.20
887.60 -714.00 -1108406.44
887.60 -656.80 -956494.68
887.60 -599.60 -804582.92
887.60 -542.40 -652671.16
887.60 -485.20 -500759.40
887.60 -428.00 -348847.64
887.60 -370.80 -196935.88
887.60 -313.60 -45024.12
887.60 -256.40 106887.64
887.60 -199.20 258799.40
887.60 -142.00 410711.16
887.60 -84.80 562622.92
887.60 -27.60 714534.68
887.60 29.60 866446.44
887.60 86.80 1018358.20
887.60 144.00 1170269.96
887.60 201.20 1322181.72
887.60 258.40 1474093.48
887.60 315.60 1626005.24
887.60 372.80 1777917.00
887.60 430.00 1929828.76
887.60 487.20 2081740.52
887.60 544.40 2233652.28
887.60 601.60 2385564.04
887.60 658.80 2537475.80
887.60 716.00 2689387.56
887.60 773.20 2841299.32
887.60 830.40 2993211.08
887.60 887.60 3145122.84
887.60 944.80 3297034.60
944.80 -1000.00 -1934751.96
944.80 -942.80 -1773024.68
944.80 -885.60 -1611297.40
944.80 -828.40 -1449570.12
944.80 -771.20 -1287842.84
944.80 -714.00 -1126115.56
944.80 -656.80 -964388.28
944.80 -599.60 -802661.00
944.80 -542.40 -640933.72
944.80 -485.20 -479206.44
944.80 -428.00 -317479.16
944.80 -370.80 -155751.88
944.80 -313.60 5975.40
944.80 -256.40 167702.68
944.80 -199.20 329429.96
944.80 -142.00 491157.24
944.80 -84.80 652884.52
944.80 -27.60 814611.80
944.80 29.60 976339.08
944.80 86.80 1138066.36
944.80 144.00 1299793.64
944.80 201.20 1461520.92
944.80 258.40 1623248.20
944.80 315.60 1784975.48
944.80 372.80 1946702.76
944.80 430.00 2108430.04
944.80 487.20 2270157.32
944.80 544.40 2431884.60
944.80 601.60 2593611.88
944.80 658.80 2755339.16
944.80 716.00 2917066.44
944.80 773.20 3078793.72
944.80 830.40 3240521.00
944.80 887.60 3402248.28
944.80 944.80 3563975.56
